00000001001000101
00000100000000110
00010000000000000
00000000000001101
01000001000000000
00000100000000001
00001100000000000
00000101001100000
00100000000000000
00000000000000001
00000001001100011
00000011000000000
10000000000000000
00001000000000000
00000001001000111
00000001000100011
00000000000000111
00000001001000011
00010001000000000
00000000001000000
00000001001100000
00000001001100111
00000010000000000
00000000000010000
00000000000100000
00000100000010000
00000100000001000
00000001001000110
00000101001000000
00000001001100010
10000001000000000
00000001001100100
01000000000000000
00000000010000000
00000100100000000
00000000100000000
00000000000000100
00000001001100001
00000000000000010
END
